/*--------------------------------*- C++ -*----------------------------------*\
| =========                 |                                                 |
| \\      /  F ield         | OpenFOAM: The Open Source CFD Toolbox           |
|  \\    /   O peration     | Version:  v1912                                 |
|   \\  /    A nd           | Website:  www.openfoam.com                      |
|    \\/     M anipulation  |                                                 |
\*---------------------------------------------------------------------------*/
FoamFile
{
    version     2.0;
    format      ascii;
    class       labelList;
    note        "nPoints:7408  nCells:3584  nFaces:14456  nInternalFaces:7048";
    location    "constant/polyMesh";
    object      neighbour;
}
// * * * * * * * * * * * * * * * * * * * * * * * * * * * * * * * * * * * * * //


7048
(
1
111
112
2
110
113
3
109
114
4
108
115
5
107
116
6
106
117
7
105
118
8
104
119
9
103
120
10
102
121
11
101
122
12
100
123
13
99
124
14
98
125
15
97
126
16
96
127
17
95
128
18
94
129
19
93
130
20
92
131
21
91
132
22
90
133
23
89
134
24
88
135
25
136
26
137
27
138
28
139
29
140
30
141
31
142
32
143
33
144
34
145
35
146
36
147
37
148
38
149
39
150
40
151
41
152
42
153
43
154
44
155
45
156
46
157
47
158
48
159
49
160
50
161
51
162
52
163
53
164
54
165
55
166
56
167
57
168
58
169
59
170
60
171
61
172
62
173
63
174
64
175
65
176
66
177
67
178
68
179
69
180
70
181
71
182
72
183
73
184
74
185
75
186
76
187
77
188
78
189
79
190
80
191
81
192
82
193
83
194
84
195
85
196
86
197
87
198
88
199
89
200
90
201
91
202
92
203
93
204
94
205
95
206
96
207
97
208
98
209
99
210
100
211
101
212
102
213
103
214
104
215
105
216
106
217
107
218
108
219
109
220
110
221
111
222
223
113
224
114
225
115
226
116
227
117
228
118
229
119
230
120
231
121
232
122
233
123
234
124
235
125
236
126
237
127
238
128
239
129
240
130
241
131
242
132
243
133
244
134
245
135
246
136
247
137
248
138
249
139
250
140
251
141
252
142
253
143
254
144
255
145
256
146
257
147
258
148
259
149
260
150
261
151
262
152
263
153
264
154
265
155
266
156
267
157
268
158
269
159
270
160
271
161
272
162
273
163
274
164
275
165
276
166
277
167
278
168
279
169
280
170
281
171
282
172
283
173
284
174
285
175
286
176
287
177
288
178
289
179
290
180
291
181
292
182
293
183
294
184
295
185
296
186
297
187
298
188
299
189
300
190
301
191
302
192
303
193
304
194
305
195
306
196
307
197
308
198
309
199
310
200
311
201
312
202
313
203
314
204
315
205
316
206
317
207
318
208
319
209
320
210
321
211
322
212
323
213
324
214
325
215
326
216
327
217
328
218
329
219
330
220
331
221
332
222
333
223
334
335
225
336
226
337
227
338
228
339
229
340
230
341
231
342
232
343
233
344
234
345
235
346
236
347
237
348
238
349
239
350
240
351
241
352
242
353
243
354
244
355
245
356
246
357
247
358
248
359
249
360
250
361
251
362
252
363
253
364
254
365
255
366
256
367
257
368
258
369
259
370
260
371
261
372
262
373
263
374
264
375
265
376
266
377
267
378
268
379
269
380
270
381
271
382
272
383
273
384
274
385
275
386
276
387
277
388
278
389
279
390
280
391
281
392
282
393
283
394
284
395
285
396
286
397
287
398
288
399
289
400
290
401
291
402
292
403
293
404
294
405
295
406
296
407
297
408
298
409
299
410
300
411
301
412
302
413
303
414
304
415
305
416
306
417
307
418
308
419
309
420
310
421
311
422
312
423
313
424
314
425
315
426
316
427
317
428
318
429
319
430
320
431
321
432
322
433
323
434
324
435
325
436
326
437
327
438
328
439
329
440
330
441
331
442
332
443
333
444
334
445
335
446
447
337
448
338
449
339
450
340
451
341
452
342
453
343
454
344
455
345
456
346
457
347
458
348
459
349
460
350
461
351
462
352
463
353
464
354
465
355
466
356
467
357
468
358
469
359
470
360
471
361
472
362
473
363
474
364
475
365
476
366
477
367
478
368
479
369
480
370
481
371
482
372
483
373
484
374
485
375
486
376
487
377
488
378
489
379
490
380
491
381
492
382
493
383
494
384
495
385
496
386
497
387
498
388
499
389
500
390
501
391
502
392
503
393
504
394
505
395
506
396
507
397
508
398
509
399
510
400
511
401
512
402
513
403
514
404
515
405
516
406
517
407
518
408
519
409
520
410
521
411
522
412
523
413
524
414
525
415
526
416
527
417
528
418
529
419
530
420
531
421
532
422
533
423
534
424
535
425
536
426
537
427
538
428
539
429
540
430
541
431
542
432
543
433
544
434
545
435
546
436
547
437
548
438
549
439
550
440
551
441
552
442
553
443
554
444
555
445
556
446
557
447
558
559
449
560
450
561
451
562
452
563
453
564
454
565
455
566
456
567
457
568
458
569
459
570
460
571
461
572
462
573
463
574
464
575
465
576
466
577
467
578
468
579
469
580
470
581
471
582
472
583
473
584
474
585
475
586
476
587
477
588
478
589
479
590
480
591
481
592
482
593
483
594
484
595
485
596
486
597
487
598
488
599
489
600
490
601
491
602
492
603
493
604
494
605
495
606
496
607
497
608
498
609
499
610
500
611
501
612
502
613
503
614
504
615
505
616
506
617
507
618
508
619
509
620
510
621
511
622
512
623
513
624
514
625
515
626
516
627
517
628
518
629
519
630
520
631
521
632
522
633
523
634
524
635
525
636
526
637
527
638
528
639
529
640
530
641
531
642
532
643
533
644
534
645
535
646
536
647
537
648
538
649
539
650
540
651
541
652
542
653
543
654
544
655
545
656
546
657
547
658
548
659
549
660
550
661
551
662
552
663
553
664
554
665
555
666
556
667
557
668
558
669
559
670
671
561
672
562
673
563
674
564
675
565
676
566
677
567
678
568
679
569
680
570
681
571
682
572
683
573
684
574
685
575
686
576
687
577
688
578
689
579
690
580
691
581
692
582
693
583
694
584
695
585
696
586
697
587
698
588
699
589
700
590
701
591
702
592
703
593
704
594
705
595
706
596
707
597
708
598
709
599
710
600
711
601
712
602
713
603
714
604
715
605
716
606
717
607
718
608
719
609
720
610
721
611
722
612
723
613
724
614
725
615
726
616
727
617
728
618
729
619
730
620
731
621
732
622
733
623
734
624
735
625
736
626
737
627
738
628
739
629
740
630
741
631
742
632
743
633
744
634
745
635
746
636
747
637
748
638
749
639
750
640
751
641
752
642
753
643
754
644
755
645
756
646
757
647
758
648
759
649
760
650
761
651
762
652
763
653
764
654
765
655
766
656
767
657
768
658
769
659
770
660
771
661
772
662
773
663
774
664
775
665
776
666
777
667
778
668
779
669
780
670
781
671
782
783
673
784
674
785
675
786
676
787
677
788
678
789
679
790
680
791
681
792
682
793
683
794
684
795
685
796
686
797
687
798
688
799
689
800
690
801
691
802
692
803
693
804
694
805
695
806
696
807
697
808
698
809
699
810
700
811
701
812
702
813
703
814
704
815
705
816
706
817
707
818
708
819
709
820
710
821
711
822
712
823
713
824
714
825
715
826
716
827
717
828
718
829
719
830
720
831
721
832
722
833
723
834
724
835
725
836
726
837
727
838
728
839
729
840
730
841
731
842
732
843
733
844
734
845
735
846
736
847
737
848
738
849
739
850
740
851
741
852
742
853
743
854
744
855
745
856
746
857
747
858
748
859
749
860
750
861
751
862
752
863
753
864
754
865
755
866
756
867
757
868
758
869
759
870
760
871
761
872
762
873
763
874
764
875
765
876
766
877
767
878
768
879
769
880
770
881
771
882
772
883
773
884
774
885
775
886
776
887
777
888
778
889
779
890
780
891
781
892
782
893
783
894
895
785
896
786
897
787
898
788
899
789
900
790
901
791
902
792
903
793
904
794
905
795
906
796
907
797
908
798
909
799
910
800
911
801
912
802
913
803
914
804
915
805
916
806
917
807
918
808
919
809
920
810
921
811
922
812
923
813
924
814
925
815
926
816
927
817
928
818
929
819
930
820
931
821
932
822
933
823
934
824
935
825
936
826
937
827
938
828
939
829
940
830
941
831
942
832
943
833
944
834
945
835
946
836
947
837
948
838
949
839
950
840
951
841
952
842
953
843
954
844
955
845
956
846
957
847
958
848
959
849
960
850
961
851
962
852
963
853
964
854
965
855
966
856
967
857
968
858
969
859
970
860
971
861
972
862
973
863
974
864
975
865
976
866
977
867
978
868
979
869
980
870
981
871
982
872
983
873
984
874
985
875
986
876
987
877
988
878
989
879
990
880
991
881
992
882
993
883
994
884
995
885
996
886
997
887
998
888
999
889
1000
890
1001
891
1002
892
1003
893
1004
894
1005
895
1006
1007
897
1008
898
1009
899
1010
900
1011
901
1012
902
1013
903
1014
904
1015
905
1016
906
1017
907
1018
908
1019
909
1020
910
1021
911
1022
912
1023
913
1024
914
1025
915
1026
916
1027
917
1028
918
1029
919
1030
920
1031
921
1032
922
1033
923
1034
924
1035
925
1036
926
1037
927
1038
928
1039
929
1040
930
1041
931
1042
932
1043
933
1044
934
1045
935
1046
936
1047
937
1048
938
1049
939
1050
940
1051
941
1052
942
1053
943
1054
944
1055
945
1056
946
1057
947
1058
948
1059
949
1060
950
1061
951
1062
952
1063
953
1064
954
1065
955
1066
956
1067
957
1068
958
1069
959
1070
960
1071
961
1072
962
1073
963
1074
964
1075
965
1076
966
1077
967
1078
968
1079
969
1080
970
1081
971
1082
972
1083
973
1084
974
1085
975
1086
976
1087
977
1088
978
1089
979
1090
980
1091
981
1092
982
1093
983
1094
984
1095
985
1096
986
1097
987
1098
988
1099
989
1100
990
1101
991
1102
992
1103
993
1104
994
1105
995
1106
996
1107
997
1108
998
1109
999
1110
1000
1111
1001
1112
1002
1113
1003
1114
1004
1115
1005
1116
1006
1117
1007
1118
1119
1009
1120
1010
1121
1011
1122
1012
1123
1013
1124
1014
1125
1015
1126
1016
1127
1017
1128
1018
1129
1019
1130
1020
1131
1021
1132
1022
1133
1023
1134
1024
1135
1025
1136
1026
1137
1027
1138
1028
1139
1029
1140
1030
1141
1031
1142
1032
1143
1033
1144
1034
1145
1035
1146
1036
1147
1037
1148
1038
1149
1039
1150
1040
1151
1041
1152
1042
1153
1043
1154
1044
1155
1045
1156
1046
1157
1047
1158
1048
1159
1049
1160
1050
1161
1051
1162
1052
1163
1053
1164
1054
1165
1055
1166
1056
1167
1057
1168
1058
1169
1059
1170
1060
1171
1061
1172
1062
1173
1063
1174
1064
1175
1065
1176
1066
1177
1067
1178
1068
1179
1069
1180
1070
1181
1071
1182
1072
1183
1073
1184
1074
1185
1075
1186
1076
1187
1077
1188
1078
1189
1079
1190
1080
1191
1081
1192
1082
1193
1083
1194
1084
1195
1085
1196
1086
1197
1087
1198
1088
1199
1089
1200
1090
1201
1091
1202
1092
1203
1093
1204
1094
1205
1095
1206
1096
1207
1097
1208
1098
1209
1099
1210
1100
1211
1101
1212
1102
1213
1103
1214
1104
1215
1105
1216
1106
1217
1107
1218
1108
1219
1109
1220
1110
1221
1111
1222
1112
1223
1113
1224
1114
1225
1115
1226
1116
1227
1117
1228
1118
1229
1119
1230
1231
1121
1232
1122
1233
1123
1234
1124
1235
1125
1236
1126
1237
1127
1238
1128
1239
1129
1240
1130
1241
1131
1242
1132
1243
1133
1244
1134
1245
1135
1246
1136
1247
1137
1248
1138
1249
1139
1250
1140
1251
1141
1252
1142
1253
1143
1254
1144
1255
1145
1256
1146
1257
1147
1258
1148
1259
1149
1260
1150
1261
1151
1262
1152
1263
1153
1264
1154
1265
1155
1266
1156
1267
1157
1268
1158
1269
1159
1270
1160
1271
1161
1272
1162
1273
1163
1274
1164
1275
1165
1276
1166
1277
1167
1278
1168
1279
1169
1280
1170
1281
1171
1282
1172
1283
1173
1284
1174
1285
1175
1286
1176
1287
1177
1288
1178
1289
1179
1290
1180
1291
1181
1292
1182
1293
1183
1294
1184
1295
1185
1296
1186
1297
1187
1298
1188
1299
1189
1300
1190
1301
1191
1302
1192
1303
1193
1304
1194
1305
1195
1306
1196
1307
1197
1308
1198
1309
1199
1310
1200
1311
1201
1312
1202
1313
1203
1314
1204
1315
1205
1316
1206
1317
1207
1318
1208
1319
1209
1320
1210
1321
1211
1322
1212
1323
1213
1324
1214
1325
1215
1326
1216
1327
1217
1328
1218
1329
1219
1330
1220
1331
1221
1332
1222
1333
1223
1334
1224
1335
1225
1336
1226
1337
1227
1338
1228
1339
1229
1340
1230
1341
1231
1342
1343
1233
1344
1234
1345
1235
1346
1236
1347
1237
1348
1238
1349
1239
1350
1240
1351
1241
1352
1242
1353
1243
1354
1244
1355
1245
1356
1246
1357
1247
1358
1248
1359
1249
1360
1250
1361
1251
1362
1252
1363
1253
1364
1254
1365
1255
1366
1256
1367
1257
1368
1258
1369
1259
1370
1260
1371
1261
1372
1262
1373
1263
1374
1264
1375
1265
1376
1266
1377
1267
1378
1268
1379
1269
1380
1270
1381
1271
1382
1272
1383
1273
1384
1274
1385
1275
1386
1276
1387
1277
1388
1278
1389
1279
1390
1280
1391
1281
1392
1282
1393
1283
1394
1284
1395
1285
1396
1286
1397
1287
1398
1288
1399
1289
1400
1290
1401
1291
1402
1292
1403
1293
1404
1294
1405
1295
1406
1296
1407
1297
1408
1298
1409
1299
1410
1300
1411
1301
1412
1302
1413
1303
1414
1304
1415
1305
1416
1306
1417
1307
1418
1308
1419
1309
1420
1310
1421
1311
1422
1312
1423
1313
1424
1314
1425
1315
1426
1316
1427
1317
1428
1318
1429
1319
1430
1320
1431
1321
1432
1322
1433
1323
1434
1324
1435
1325
1436
1326
1437
1327
1438
1328
1439
1329
1440
1330
1441
1331
1442
1332
1443
1333
1444
1334
1445
1335
1446
1336
1447
1337
1448
1338
1449
1339
1450
1340
1451
1341
1452
1342
1453
1343
1454
1455
1345
1456
1346
1457
1347
1458
1348
1459
1349
1460
1350
1461
1351
1462
1352
1463
1353
1464
1354
1465
1355
1466
1356
1467
1357
1468
1358
1469
1359
1470
1360
1471
1361
1472
1362
1473
1363
1474
1364
1475
1365
1476
1366
1477
1367
1478
1368
1479
1369
1480
1370
1481
1371
1482
1372
1483
1373
1484
1374
1485
1375
1486
1376
1487
1377
1488
1378
1489
1379
1490
1380
1491
1381
1492
1382
1493
1383
1494
1384
1495
1385
1496
1386
1497
1387
1498
1388
1499
1389
1500
1390
1501
1391
1502
1392
1503
1393
1504
1394
1505
1395
1506
1396
1507
1397
1508
1398
1509
1399
1510
1400
1511
1401
1512
1402
1513
1403
1514
1404
1515
1405
1516
1406
1517
1407
1518
1408
1519
1409
1520
1410
1521
1411
1522
1412
1523
1413
1524
1414
1525
1415
1526
1416
1527
1417
1528
1418
1529
1419
1530
1420
1531
1421
1532
1422
1533
1423
1534
1424
1535
1425
1536
1426
1537
1427
1538
1428
1539
1429
1540
1430
1541
1431
1542
1432
1543
1433
1544
1434
1545
1435
1546
1436
1547
1437
1548
1438
1549
1439
1550
1440
1551
1441
1552
1442
1553
1443
1554
1444
1555
1445
1556
1446
1557
1447
1558
1448
1559
1449
1560
1450
1561
1451
1562
1452
1563
1453
1564
1454
1565
1455
1566
1567
1457
1568
1458
1569
1459
1570
1460
1571
1461
1572
1462
1573
1463
1574
1464
1575
1465
1576
1466
1577
1467
1578
1468
1579
1469
1580
1470
1581
1471
1582
1472
1583
1473
1584
1474
1585
1475
1586
1476
1587
1477
1588
1478
1589
1479
1590
1480
1591
1481
1592
1482
1593
1483
1594
1484
1595
1485
1596
1486
1597
1487
1598
1488
1599
1489
1600
1490
1601
1491
1602
1492
1603
1493
1604
1494
1605
1495
1606
1496
1607
1497
1608
1498
1609
1499
1610
1500
1611
1501
1612
1502
1613
1503
1614
1504
1615
1505
1616
1506
1617
1507
1618
1508
1619
1509
1620
1510
1621
1511
1622
1512
1623
1513
1624
1514
1625
1515
1626
1516
1627
1517
1628
1518
1629
1519
1630
1520
1631
1521
1632
1522
1633
1523
1634
1524
1635
1525
1636
1526
1637
1527
1638
1528
1639
1529
1640
1530
1641
1531
1642
1532
1643
1533
1644
1534
1645
1535
1646
1536
1647
1537
1648
1538
1649
1539
1650
1540
1651
1541
1652
1542
1653
1543
1654
1544
1655
1545
1656
1546
1657
1547
1658
1548
1659
1549
1660
1550
1661
1551
1662
1552
1663
1553
1664
1554
1665
1555
1666
1556
1667
1557
1668
1558
1669
1559
1670
1560
1671
1561
1672
1562
1673
1563
1674
1564
1675
1565
1676
1566
1677
1567
1678
1679
1569
1680
1570
1681
1571
1682
1572
1683
1573
1684
1574
1685
1575
1686
1576
1687
1577
1688
1578
1689
1579
1690
1580
1691
1581
1692
1582
1693
1583
1694
1584
1695
1585
1696
1586
1697
1587
1698
1588
1699
1589
1700
1590
1701
1591
1702
1592
1703
1593
1704
1594
1705
1595
1706
1596
1707
1597
1708
1598
1709
1599
1710
1600
1711
1601
1712
1602
1713
1603
1714
1604
1715
1605
1716
1606
1717
1607
1718
1608
1719
1609
1720
1610
1721
1611
1722
1612
1723
1613
1724
1614
1725
1615
1726
1616
1727
1617
1728
1618
1729
1619
1730
1620
1731
1621
1732
1622
1733
1623
1734
1624
1735
1625
1736
1626
1737
1627
1738
1628
1739
1629
1740
1630
1741
1631
1742
1632
1743
1633
1744
1634
1745
1635
1746
1636
1747
1637
1748
1638
1749
1639
1750
1640
1751
1641
1752
1642
1753
1643
1754
1644
1755
1645
1756
1646
1757
1647
1758
1648
1759
1649
1760
1650
1761
1651
1762
1652
1763
1653
1764
1654
1765
1655
1766
1656
1767
1657
1768
1658
1769
1659
1770
1660
1771
1661
1772
1662
1773
1663
1774
1664
1775
1665
1776
1666
1777
1667
1778
1668
1779
1669
1780
1670
1781
1671
1782
1672
1783
1673
1784
1674
1785
1675
1786
1676
1787
1677
1788
1678
1789
1679
1790
1791
1681
1792
1682
1793
1683
1794
1684
1795
1685
1796
1686
1797
1687
1798
1688
1799
1689
1800
1690
1801
1691
1802
1692
1803
1693
1804
1694
1805
1695
1806
1696
1807
1697
1808
1698
1809
1699
1810
1700
1811
1701
1812
1702
1813
1703
1814
1704
1815
1705
1816
1706
1817
1707
1818
1708
1819
1709
1820
1710
1821
1711
1822
1712
1823
1713
1824
1714
1825
1715
1826
1716
1827
1717
1828
1718
1829
1719
1830
1720
1831
1721
1832
1722
1833
1723
1834
1724
1835
1725
1836
1726
1837
1727
1838
1728
1839
1729
1840
1730
1841
1731
1842
1732
1843
1733
1844
1734
1845
1735
1846
1736
1847
1737
1848
1738
1849
1739
1850
1740
1851
1741
1852
1742
1853
1743
1854
1744
1855
1745
1856
1746
1857
1747
1858
1748
1859
1749
1860
1750
1861
1751
1862
1752
1863
1753
1864
1754
1865
1755
1866
1756
1867
1757
1868
1758
1869
1759
1870
1760
1871
1761
1872
1762
1873
1763
1874
1764
1875
1765
1876
1766
1877
1767
1878
1768
1879
1769
1880
1770
1881
1771
1882
1772
1883
1773
1884
1774
1885
1775
1886
1776
1887
1777
1888
1778
1889
1779
1890
1780
1891
1781
1892
1782
1893
1783
1894
1784
1895
1785
1896
1786
1897
1787
1898
1788
1899
1789
1900
1790
1901
1791
1902
1903
1793
1904
1794
1905
1795
1906
1796
1907
1797
1908
1798
1909
1799
1910
1800
1911
1801
1912
1802
1913
1803
1914
1804
1915
1805
1916
1806
1917
1807
1918
1808
1919
1809
1920
1810
1921
1811
1922
1812
1923
1813
1924
1814
1925
1815
1926
1816
1927
1817
1928
1818
1929
1819
1930
1820
1931
1821
1932
1822
1933
1823
1934
1824
1935
1825
1936
1826
1937
1827
1938
1828
1939
1829
1940
1830
1941
1831
1942
1832
1943
1833
1944
1834
1945
1835
1946
1836
1947
1837
1948
1838
1949
1839
1950
1840
1951
1841
1952
1842
1953
1843
1954
1844
1955
1845
1956
1846
1957
1847
1958
1848
1959
1849
1960
1850
1961
1851
1962
1852
1963
1853
1964
1854
1965
1855
1966
1856
1967
1857
1968
1858
1969
1859
1970
1860
1971
1861
1972
1862
1973
1863
1974
1864
1975
1865
1976
1866
1977
1867
1978
1868
1979
1869
1980
1870
1981
1871
1982
1872
1983
1873
1984
1874
1985
1875
1986
1876
1987
1877
1988
1878
1989
1879
1990
1880
1991
1881
1992
1882
1993
1883
1994
1884
1995
1885
1996
1886
1997
1887
1998
1888
1999
1889
2000
1890
2001
1891
2002
1892
2003
1893
2004
1894
2005
1895
2006
1896
2007
1897
2008
1898
2009
1899
2010
1900
2011
1901
2012
1902
2013
1903
2014
2015
1905
2016
1906
2017
1907
2018
1908
2019
1909
2020
1910
2021
1911
2022
1912
2023
1913
2024
1914
2025
1915
2026
1916
2027
1917
2028
1918
2029
1919
2030
1920
2031
1921
2032
1922
2033
1923
2034
1924
2035
1925
2036
1926
2037
1927
2038
1928
2039
1929
2040
1930
2041
1931
2042
1932
2043
1933
2044
1934
2045
1935
2046
1936
2047
1937
2048
1938
2049
1939
2050
1940
2051
1941
2052
1942
2053
1943
2054
1944
2055
1945
2056
1946
2057
1947
2058
1948
2059
1949
2060
1950
2061
1951
2062
1952
2063
1953
2064
1954
2065
1955
2066
1956
2067
1957
2068
1958
2069
1959
2070
1960
2071
1961
2072
1962
2073
1963
2074
1964
2075
1965
2076
1966
2077
1967
2078
1968
2079
1969
2080
1970
2081
1971
2082
1972
2083
1973
2084
1974
2085
1975
2086
1976
2087
1977
2088
1978
2089
1979
2090
1980
2091
1981
2092
1982
2093
1983
2094
1984
2095
1985
2096
1986
2097
1987
2098
1988
2099
1989
2100
1990
2101
1991
2102
1992
2103
1993
2104
1994
2105
1995
2106
1996
2107
1997
2108
1998
2109
1999
2110
2000
2111
2001
2112
2002
2113
2003
2114
2004
2115
2005
2116
2006
2117
2007
2118
2008
2119
2009
2120
2010
2121
2011
2122
2012
2123
2013
2124
2014
2125
2015
2126
2127
2017
2128
2018
2129
2019
2130
2020
2131
2021
2132
2022
2133
2023
2134
2024
2135
2025
2136
2026
2137
2027
2138
2028
2139
2029
2140
2030
2141
2031
2142
2032
2143
2033
2144
2034
2145
2035
2146
2036
2147
2037
2148
2038
2149
2039
2150
2040
2151
2041
2152
2042
2153
2043
2154
2044
2155
2045
2156
2046
2157
2047
2158
2048
2159
2049
2160
2050
2161
2051
2162
2052
2163
2053
2164
2054
2165
2055
2166
2056
2167
2057
2168
2058
2169
2059
2170
2060
2171
2061
2172
2062
2173
2063
2174
2064
2175
2065
2176
2066
2177
2067
2178
2068
2179
2069
2180
2070
2181
2071
2182
2072
2183
2073
2184
2074
2185
2075
2186
2076
2187
2077
2188
2078
2189
2079
2190
2080
2191
2081
2192
2082
2193
2083
2194
2084
2195
2085
2196
2086
2197
2087
2198
2088
2199
2089
2200
2090
2201
2091
2202
2092
2203
2093
2204
2094
2205
2095
2206
2096
2207
2097
2208
2098
2209
2099
2210
2100
2211
2101
2212
2102
2213
2103
2214
2104
2215
2105
2216
2106
2217
2107
2218
2108
2219
2109
2220
2110
2221
2111
2222
2112
2223
2113
2224
2114
2225
2115
2226
2116
2227
2117
2228
2118
2229
2119
2230
2120
2231
2121
2232
2122
2233
2123
2234
2124
2235
2125
2236
2126
2237
2127
2238
2239
2129
2240
2130
2241
2131
2242
2132
2243
2133
2244
2134
2245
2135
2246
2136
2247
2137
2248
2138
2249
2139
2250
2140
2251
2141
2252
2142
2253
2143
2254
2144
2255
2145
2256
2146
2257
2147
2258
2148
2259
2149
2260
2150
2261
2151
2262
2152
2263
2153
2264
2154
2265
2155
2266
2156
2267
2157
2268
2158
2269
2159
2270
2160
2271
2161
2272
2162
2273
2163
2274
2164
2275
2165
2276
2166
2277
2167
2278
2168
2279
2169
2280
2170
2281
2171
2282
2172
2283
2173
2284
2174
2285
2175
2286
2176
2287
2177
2288
2178
2289
2179
2290
2180
2291
2181
2292
2182
2293
2183
2294
2184
2295
2185
2296
2186
2297
2187
2298
2188
2299
2189
2300
2190
2301
2191
2302
2192
2303
2193
2304
2194
2305
2195
2306
2196
2307
2197
2308
2198
2309
2199
2310
2200
2311
2201
2312
2202
2313
2203
2314
2204
2315
2205
2316
2206
2317
2207
2318
2208
2319
2209
2320
2210
2321
2211
2322
2212
2323
2213
2324
2214
2325
2215
2326
2216
2327
2217
2328
2218
2329
2219
2330
2220
2331
2221
2332
2222
2333
2223
2334
2224
2335
2225
2336
2226
2337
2227
2338
2228
2339
2229
2340
2230
2341
2231
2342
2232
2343
2233
2344
2234
2345
2235
2346
2236
2347
2237
2348
2238
2349
2239
2350
2351
2241
2352
2242
2353
2243
2354
2244
2355
2245
2356
2246
2357
2247
2358
2248
2359
2249
2360
2250
2361
2251
2362
2252
2363
2253
2364
2254
2365
2255
2366
2256
2367
2257
2368
2258
2369
2259
2370
2260
2371
2261
2372
2262
2373
2263
2374
2264
2375
2265
2376
2266
2377
2267
2378
2268
2379
2269
2380
2270
2381
2271
2382
2272
2383
2273
2384
2274
2385
2275
2386
2276
2387
2277
2388
2278
2389
2279
2390
2280
2391
2281
2392
2282
2393
2283
2394
2284
2395
2285
2396
2286
2397
2287
2398
2288
2399
2289
2400
2290
2401
2291
2402
2292
2403
2293
2404
2294
2405
2295
2406
2296
2407
2297
2408
2298
2409
2299
2410
2300
2411
2301
2412
2302
2413
2303
2414
2304
2415
2305
2416
2306
2417
2307
2418
2308
2419
2309
2420
2310
2421
2311
2422
2312
2423
2313
2424
2314
2425
2315
2426
2316
2427
2317
2428
2318
2429
2319
2430
2320
2431
2321
2432
2322
2433
2323
2434
2324
2435
2325
2436
2326
2437
2327
2438
2328
2439
2329
2440
2330
2441
2331
2442
2332
2443
2333
2444
2334
2445
2335
2446
2336
2447
2337
2448
2338
2449
2339
2450
2340
2451
2341
2452
2342
2453
2343
2454
2344
2455
2345
2456
2346
2457
2347
2458
2348
2459
2349
2460
2350
2461
2351
2462
2463
2353
2464
2354
2465
2355
2466
2356
2467
2357
2468
2358
2469
2359
2470
2360
2471
2361
2472
2362
2473
2363
2474
2364
2475
2365
2476
2366
2477
2367
2478
2368
2479
2369
2480
2370
2481
2371
2482
2372
2483
2373
2484
2374
2485
2375
2486
2376
2487
2377
2488
2378
2489
2379
2490
2380
2491
2381
2492
2382
2493
2383
2494
2384
2495
2385
2496
2386
2497
2387
2498
2388
2499
2389
2500
2390
2501
2391
2502
2392
2503
2393
2504
2394
2505
2395
2506
2396
2507
2397
2508
2398
2509
2399
2510
2400
2511
2401
2512
2402
2513
2403
2514
2404
2515
2405
2516
2406
2517
2407
2518
2408
2519
2409
2520
2410
2521
2411
2522
2412
2523
2413
2524
2414
2525
2415
2526
2416
2527
2417
2528
2418
2529
2419
2530
2420
2531
2421
2532
2422
2533
2423
2534
2424
2535
2425
2536
2426
2537
2427
2538
2428
2539
2429
2540
2430
2541
2431
2542
2432
2543
2433
2544
2434
2545
2435
2546
2436
2547
2437
2548
2438
2549
2439
2550
2440
2551
2441
2552
2442
2553
2443
2554
2444
2555
2445
2556
2446
2557
2447
2558
2448
2559
2449
2560
2450
2561
2451
2562
2452
2563
2453
2564
2454
2565
2455
2566
2456
2567
2457
2568
2458
2569
2459
2570
2460
2571
2461
2572
2462
2573
2463
2574
2575
2465
2576
2466
2577
2467
2578
2468
2579
2469
2580
2470
2581
2471
2582
2472
2583
2473
2584
2474
2585
2475
2586
2476
2587
2477
2588
2478
2589
2479
2590
2480
2591
2481
2592
2482
2593
2483
2594
2484
2595
2485
2596
2486
2597
2487
2598
2488
2599
2489
2600
2490
2601
2491
2602
2492
2603
2493
2604
2494
2605
2495
2606
2496
2607
2497
2608
2498
2609
2499
2610
2500
2611
2501
2612
2502
2613
2503
2614
2504
2615
2505
2616
2506
2617
2507
2618
2508
2619
2509
2620
2510
2621
2511
2622
2512
2623
2513
2624
2514
2625
2515
2626
2516
2627
2517
2628
2518
2629
2519
2630
2520
2631
2521
2632
2522
2633
2523
2634
2524
2635
2525
2636
2526
2637
2527
2638
2528
2639
2529
2640
2530
2641
2531
2642
2532
2643
2533
2644
2534
2645
2535
2646
2536
2647
2537
2648
2538
2649
2539
2650
2540
2651
2541
2652
2542
2653
2543
2654
2544
2655
2545
2656
2546
2657
2547
2658
2548
2659
2549
2660
2550
2661
2551
2662
2552
2663
2553
2664
2554
2665
2555
2666
2556
2667
2557
2668
2558
2669
2559
2670
2560
2671
2561
2672
2562
2673
2563
2674
2564
2675
2565
2676
2566
2677
2567
2678
2568
2679
2569
2680
2570
2681
2571
2682
2572
2683
2573
2684
2574
2685
2575
2686
2687
2577
2688
2578
2689
2579
2690
2580
2691
2581
2692
2582
2693
2583
2694
2584
2695
2585
2696
2586
2697
2587
2698
2588
2699
2589
2700
2590
2701
2591
2702
2592
2703
2593
2704
2594
2705
2595
2706
2596
2707
2597
2708
2598
2709
2599
2710
2600
2711
2601
2712
2602
2713
2603
2714
2604
2715
2605
2716
2606
2717
2607
2718
2608
2719
2609
2720
2610
2721
2611
2722
2612
2723
2613
2724
2614
2725
2615
2726
2616
2727
2617
2728
2618
2729
2619
2730
2620
2731
2621
2732
2622
2733
2623
2734
2624
2735
2625
2736
2626
2737
2627
2738
2628
2739
2629
2740
2630
2741
2631
2742
2632
2743
2633
2744
2634
2745
2635
2746
2636
2747
2637
2748
2638
2749
2639
2750
2640
2751
2641
2752
2642
2753
2643
2754
2644
2755
2645
2756
2646
2757
2647
2758
2648
2759
2649
2760
2650
2761
2651
2762
2652
2763
2653
2764
2654
2765
2655
2766
2656
2767
2657
2768
2658
2769
2659
2770
2660
2771
2661
2772
2662
2773
2663
2774
2664
2775
2665
2776
2666
2777
2667
2778
2668
2779
2669
2780
2670
2781
2671
2782
2672
2783
2673
2784
2674
2785
2675
2786
2676
2787
2677
2788
2678
2789
2679
2790
2680
2791
2681
2792
2682
2793
2683
2794
2684
2795
2685
2796
2686
2797
2687
2798
2799
2689
2800
2690
2801
2691
2802
2692
2803
2693
2804
2694
2805
2695
2806
2696
2807
2697
2808
2698
2809
2699
2810
2700
2811
2701
2812
2702
2813
2703
2814
2704
2815
2705
2816
2706
2817
2707
2818
2708
2819
2709
2820
2710
2821
2711
2822
2712
2823
2713
2824
2714
2825
2715
2826
2716
2827
2717
2828
2718
2829
2719
2830
2720
2831
2721
2832
2722
2833
2723
2834
2724
2835
2725
2836
2726
2837
2727
2838
2728
2839
2729
2840
2730
2841
2731
2842
2732
2843
2733
2844
2734
2845
2735
2846
2736
2847
2737
2848
2738
2849
2739
2850
2740
2851
2741
2852
2742
2853
2743
2854
2744
2855
2745
2856
2746
2857
2747
2858
2748
2859
2749
2860
2750
2861
2751
2862
2752
2863
2753
2864
2754
2865
2755
2866
2756
2867
2757
2868
2758
2869
2759
2870
2760
2871
2761
2872
2762
2873
2763
2874
2764
2875
2765
2876
2766
2877
2767
2878
2768
2879
2769
2880
2770
2881
2771
2882
2772
2883
2773
2884
2774
2885
2775
2886
2776
2887
2777
2888
2778
2889
2779
2890
2780
2891
2781
2892
2782
2893
2783
2894
2784
2895
2785
2896
2786
2897
2787
2898
2788
2899
2789
2900
2790
2901
2791
2902
2792
2903
2793
2904
2794
2905
2795
2906
2796
2907
2797
2908
2798
2909
2799
2910
2911
2801
2912
2802
2913
2803
2914
2804
2915
2805
2916
2806
2917
2807
2918
2808
2919
2809
2920
2810
2921
2811
2922
2812
2923
2813
2924
2814
2925
2815
2926
2816
2927
2817
2928
2818
2929
2819
2930
2820
2931
2821
2932
2822
2933
2823
2934
2824
2935
2825
2936
2826
2937
2827
2938
2828
2939
2829
2940
2830
2941
2831
2942
2832
2943
2833
2944
2834
2945
2835
2946
2836
2947
2837
2948
2838
2949
2839
2950
2840
2951
2841
2952
2842
2953
2843
2954
2844
2955
2845
2956
2846
2957
2847
2958
2848
2959
2849
2960
2850
2961
2851
2962
2852
2963
2853
2964
2854
2965
2855
2966
2856
2967
2857
2968
2858
2969
2859
2970
2860
2971
2861
2972
2862
2973
2863
2974
2864
2975
2865
2976
2866
2977
2867
2978
2868
2979
2869
2980
2870
2981
2871
2982
2872
2983
2873
2984
2874
2985
2875
2986
2876
2987
2877
2988
2878
2989
2879
2990
2880
2991
2881
2992
2882
2993
2883
2994
2884
2995
2885
2996
2886
2997
2887
2998
2888
2999
2889
3000
2890
3001
2891
3002
2892
3003
2893
3004
2894
3005
2895
3006
2896
3007
2897
3008
2898
3009
2899
3010
2900
3011
2901
3012
2902
3013
2903
3014
2904
3015
2905
3016
2906
3017
2907
3018
2908
3019
2909
3020
2910
3021
2911
3022
3023
2913
3024
2914
3025
2915
3026
2916
3027
2917
3028
2918
3029
2919
3030
2920
3031
2921
3032
2922
3033
2923
3034
2924
3035
2925
3036
2926
3037
2927
3038
2928
3039
2929
3040
2930
3041
2931
3042
2932
3043
2933
3044
2934
3045
2935
3046
2936
3047
2937
3048
2938
3049
2939
3050
2940
3051
2941
3052
2942
3053
2943
3054
2944
3055
2945
3056
2946
3057
2947
3058
2948
3059
2949
3060
2950
3061
2951
3062
2952
3063
2953
3064
2954
3065
2955
3066
2956
3067
2957
3068
2958
3069
2959
3070
2960
3071
2961
3072
2962
3073
2963
3074
2964
3075
2965
3076
2966
3077
2967
3078
2968
3079
2969
3080
2970
3081
2971
3082
2972
3083
2973
3084
2974
3085
2975
3086
2976
3087
2977
3088
2978
3089
2979
3090
2980
3091
2981
3092
2982
3093
2983
3094
2984
3095
2985
3096
2986
3097
2987
3098
2988
3099
2989
3100
2990
3101
2991
3102
2992
3103
2993
3104
2994
3105
2995
3106
2996
3107
2997
3108
2998
3109
2999
3110
3000
3111
3001
3112
3002
3113
3003
3114
3004
3115
3005
3116
3006
3117
3007
3118
3008
3119
3009
3120
3010
3121
3011
3122
3012
3123
3013
3124
3014
3125
3015
3126
3016
3127
3017
3128
3018
3129
3019
3130
3020
3131
3021
3132
3022
3133
3023
3134
3135
3025
3136
3026
3137
3027
3138
3028
3139
3029
3140
3030
3141
3031
3142
3032
3143
3033
3144
3034
3145
3035
3146
3036
3147
3037
3148
3038
3149
3039
3150
3040
3151
3041
3152
3042
3153
3043
3154
3044
3155
3045
3156
3046
3157
3047
3158
3048
3159
3049
3160
3050
3161
3051
3162
3052
3163
3053
3164
3054
3165
3055
3166
3056
3167
3057
3168
3058
3169
3059
3170
3060
3171
3061
3172
3062
3173
3063
3174
3064
3175
3065
3176
3066
3177
3067
3178
3068
3179
3069
3180
3070
3181
3071
3182
3072
3183
3073
3184
3074
3185
3075
3186
3076
3187
3077
3188
3078
3189
3079
3190
3080
3191
3081
3192
3082
3193
3083
3194
3084
3195
3085
3196
3086
3197
3087
3198
3088
3199
3089
3200
3090
3201
3091
3202
3092
3203
3093
3204
3094
3205
3095
3206
3096
3207
3097
3208
3098
3209
3099
3210
3100
3211
3101
3212
3102
3213
3103
3214
3104
3215
3105
3216
3106
3217
3107
3218
3108
3219
3109
3220
3110
3221
3111
3222
3112
3223
3113
3224
3114
3225
3115
3226
3116
3227
3117
3228
3118
3229
3119
3230
3120
3231
3121
3232
3122
3233
3123
3234
3124
3235
3125
3236
3126
3237
3127
3238
3128
3239
3129
3240
3130
3241
3131
3242
3132
3243
3133
3244
3134
3245
3135
3246
3247
3137
3248
3138
3249
3139
3250
3140
3251
3141
3252
3142
3253
3143
3254
3144
3255
3145
3256
3146
3257
3147
3258
3148
3259
3149
3260
3150
3261
3151
3262
3152
3263
3153
3264
3154
3265
3155
3266
3156
3267
3157
3268
3158
3269
3159
3270
3160
3271
3161
3272
3162
3273
3163
3274
3164
3275
3165
3276
3166
3277
3167
3278
3168
3279
3169
3280
3170
3281
3171
3282
3172
3283
3173
3284
3174
3285
3175
3286
3176
3287
3177
3288
3178
3289
3179
3290
3180
3291
3181
3292
3182
3293
3183
3294
3184
3295
3185
3296
3186
3297
3187
3298
3188
3299
3189
3300
3190
3301
3191
3302
3192
3303
3193
3304
3194
3305
3195
3306
3196
3307
3197
3308
3198
3309
3199
3310
3200
3311
3201
3312
3202
3313
3203
3314
3204
3315
3205
3316
3206
3317
3207
3318
3208
3319
3209
3320
3210
3321
3211
3322
3212
3323
3213
3324
3214
3325
3215
3326
3216
3327
3217
3328
3218
3329
3219
3330
3220
3331
3221
3332
3222
3333
3223
3334
3224
3335
3225
3336
3226
3337
3227
3338
3228
3339
3229
3340
3230
3341
3231
3342
3232
3343
3233
3344
3234
3345
3235
3346
3236
3347
3237
3348
3238
3349
3239
3350
3240
3351
3241
3352
3242
3353
3243
3354
3244
3355
3245
3356
3246
3357
3247
3358
3359
3249
3360
3250
3361
3251
3362
3252
3363
3253
3364
3254
3365
3255
3366
3256
3367
3257
3368
3258
3369
3259
3370
3260
3371
3261
3372
3262
3373
3263
3374
3264
3375
3265
3376
3266
3377
3267
3378
3268
3379
3269
3380
3270
3381
3271
3382
3272
3383
3273
3384
3274
3385
3275
3386
3276
3387
3277
3388
3278
3389
3279
3390
3280
3391
3281
3392
3282
3393
3283
3394
3284
3395
3285
3396
3286
3397
3287
3398
3288
3399
3289
3400
3290
3401
3291
3402
3292
3403
3293
3404
3294
3405
3295
3406
3296
3407
3297
3408
3298
3409
3299
3410
3300
3411
3301
3412
3302
3413
3303
3414
3304
3415
3305
3416
3306
3417
3307
3418
3308
3419
3309
3420
3310
3421
3311
3422
3312
3423
3313
3424
3314
3425
3315
3426
3316
3427
3317
3428
3318
3429
3319
3430
3320
3431
3321
3432
3322
3433
3323
3434
3324
3435
3325
3436
3326
3437
3327
3438
3328
3439
3329
3440
3330
3441
3331
3442
3332
3443
3333
3444
3334
3445
3335
3446
3336
3447
3337
3448
3338
3449
3339
3450
3340
3451
3341
3452
3342
3453
3343
3454
3344
3455
3345
3456
3346
3457
3347
3458
3348
3459
3349
3460
3350
3461
3351
3462
3352
3463
3353
3464
3354
3465
3355
3466
3356
3467
3357
3468
3358
3469
3359
3470
3471
3361
3472
3362
3473
3363
3474
3364
3475
3365
3476
3366
3477
3367
3478
3368
3479
3369
3480
3370
3481
3371
3482
3372
3483
3373
3484
3374
3485
3375
3486
3376
3487
3377
3488
3378
3489
3379
3490
3380
3491
3381
3492
3382
3493
3383
3494
3384
3495
3385
3496
3386
3497
3387
3498
3388
3499
3389
3500
3390
3501
3391
3502
3392
3503
3393
3504
3394
3505
3395
3506
3396
3507
3397
3508
3398
3509
3399
3510
3400
3511
3401
3512
3402
3513
3403
3514
3404
3515
3405
3516
3406
3517
3407
3518
3408
3519
3409
3520
3410
3521
3411
3522
3412
3523
3413
3524
3414
3525
3415
3526
3416
3527
3417
3528
3418
3529
3419
3530
3420
3531
3421
3532
3422
3533
3423
3534
3424
3535
3425
3536
3426
3537
3427
3538
3428
3539
3429
3540
3430
3541
3431
3542
3432
3543
3433
3544
3434
3545
3435
3546
3436
3547
3437
3548
3438
3549
3439
3550
3440
3551
3441
3552
3442
3553
3443
3554
3444
3555
3445
3556
3446
3557
3447
3558
3448
3559
3449
3560
3450
3561
3451
3562
3452
3563
3453
3564
3454
3565
3455
3566
3456
3567
3457
3568
3458
3569
3459
3570
3460
3571
3461
3572
3462
3573
3463
3574
3464
3575
3465
3576
3466
3577
3467
3578
3468
3579
3469
3580
3470
3581
3471
3582
3583
3473
3474
3475
3476
3477
3478
3479
3480
3481
3482
3483
3484
3485
3486
3487
3488
3489
3490
3491
3492
3493
3494
3495
3496
3497
3498
3499
3500
3501
3502
3503
3504
3505
3506
3507
3508
3509
3510
3511
3512
3513
3514
3515
3516
3517
3518
3519
3520
3521
3522
3523
3524
3525
3526
3527
3528
3529
3530
3531
3532
3533
3534
3535
3536
3537
3538
3539
3540
3541
3542
3543
3544
3545
3546
3547
3548
3549
3550
3551
3552
3553
3554
3555
3556
3557
3558
3559
3560
3561
3562
3563
3564
3565
3566
3567
3568
3569
3570
3571
3572
3573
3574
3575
3576
3577
3578
3579
3580
3581
3582
3583
)


// ************************************************************************* //
